grid_point, analysis_value, analysis_increment
[0, 0],5321.359231031822,3.1758168177093467
[0, 1],5347.081678978782,12.143168976619563
[0, 2],5372.244590459767,19.213104810300138
[0, 3],5392.690107812521,17.646630336781527
[0, 4],5422.709375293834,25.431724011079496
[0, 5],5449.51267251535,32.51373117285584
[0, 6],5473.258666526098,38.50205531375468
[0, 7],5490.101417048666,40.155622599186245
[0, 8],5501.198369113356,39.82458838207276
[0, 9],5509.740919614559,39.5307949634298
[0, 10],5516.5654149419215,37.27248847080682
[0, 11],5530.243225599859,39.849871310309936
[0, 12],5551.7514865474595,47.75546816883434
[0, 13],5576.635298902036,55.67176374149494
[0, 14],5602.349308020242,61.28069175822293
[0, 15],5627.985896821596,67.24932724949122
[0, 16],5647.068908139287,69.67283277755178
[0, 17],5661.189874983939,68.23503849639656
[0, 18],5674.373874621658,65.09603290381892
[0, 19],5681.628315680377,58.24308639577066
[0, 20],5683.379000450691,51.27794363947487
[0, 21],5679.7298746322485,43.37170407621397
[1, 0],5298.084440254935,-6.884462244049246
[1, 1],5324.8231291038655,2.1799560076551643
[1, 2],5341.554391549749,1.1923410343188152
[1, 3],5362.380289995076,1.0897190199566467
[1, 4],5391.795892005839,8.056836744322936
[1, 5],5419.741583941759,14.733918312852438
[1, 6],5445.608985460907,20.941307758259427
[1, 7],5465.015345871522,23.040559902846326
[1, 8],5478.485910349343,23.28296222626159
[1, 9],5487.390699674571,22.617893182069565
[1, 10],5497.287457423084,23.78985997095242
[1, 11],5509.852340828228,26.41106821854828
[1, 12],5527.962780841596,32.683111161714805
[1, 13],5555.491609161582,45.58274855471427
[1, 14],5579.5362229897655,51.852862247736084
[1, 15],5605.961327096817,59.21081694913573
[1, 16],5626.586316959719,60.71174873938071
[1, 17],5647.339590454602,60.98284369071098
[1, 18],5664.395375119374,57.49359946479308
[1, 19],5677.726654122289,55.387260357461855
[1, 20],5683.108546500015,52.01785158771327
[1, 21],5682.351526354632,46.963853658973676
[2, 0],5275.181496099554,-15.585138446330348
[2, 1],5293.236800003937,-13.365208915631229
[2, 2],5308.891674180677,-13.830837683328355
[2, 3],5327.363008680578,-15.350761496516498
[2, 4],5357.267367823272,-8.657978204782012
[2, 5],5387.447089055823,-1.2393864881041736
[2, 6],5414.025300693068,4.4460818544721405
[2, 7],5435.655888398786,7.30028090063297
[2, 8],5446.732815302093,3.8098894232171006
[2, 9],5457.853051001277,5.1265159708427745
[2, 10],5466.556706659936,5.9316102146185585
[2, 11],5475.856773485122,6.831120103801368
[2, 12],5491.027107914346,12.258767183278906
[2, 13],5515.498917690928,24.623415774389287
[2, 14],5538.524800591588,32.15816449795784
[2, 15],5562.21887742116,37.0772103236086
[2, 16],5588.340902612502,40.80226569079423
[2, 17],5617.949666150457,44.0705342255842
[2, 18],5642.007399149,42.824832708531176
[2, 19],5663.244870290096,46.18402001283448
[2, 20],5675.7483812034225,48.5214543042448
[2, 21],5679.510907385442,47.02666730576766
[3, 0],5255.069332668756,-23.682528663624907
[3, 1],5268.342461484964,-22.405644856752588
[3, 2],5278.96698079813,-25.718927443565008
[3, 3],5297.325231382618,-26.89167910733704
[3, 4],5330.19407417992,-18.157990228004564
[3, 5],5360.55291504677,-11.165457009260535
[3, 6],5385.6997946735955,-6.19470874952367
[3, 7],5405.0970006989155,-4.717412687525211
[3, 8],5414.153491267809,-9.855906542841694
[3, 9],5423.086132666831,-10.1448325661122
[3, 10],5428.927418492651,-11.110931429245284
[3, 11],5434.3127728858735,-12.611480506127918
[3, 12],5446.363781726129,-8.56214211160841
[3, 13],5467.6931014841,2.484994482406364
[3, 14],5487.108722195327,7.939980429136995
[3, 15],5509.415316689625,11.375808086046163
[3, 16],5537.73364862013,14.203725318263423
[3, 17],5567.912399161418,13.033098259594226
[3, 18],5606.07508463375,21.476717499820552
[3, 19],5639.198051084192,33.27487522661522
[3, 20],5662.658953951193,43.91047078929296
[3, 21],5674.548189012622,48.78226636299769
[4, 0],5236.556714514615,-28.910770133382357
[4, 1],5244.995448696883,-28.971462951519243
[4, 2],5255.54131820099,-30.82313853898995
[4, 3],5279.593511477892,-27.030562544012355
[4, 4],5313.43624219342,-19.620228129478164
[4, 5],5345.822053382254,-11.921893154656573
[4, 6],5369.404590793113,-7.511936438302655
[4, 7],5387.199528786777,-5.764410138059247
[4, 8],5393.263070796625,-12.567906060024143
[4, 9],5396.082552699441,-18.01715759153285
[4, 10],5396.594458153062,-23.208665183584344
[4, 11],5401.061117582982,-24.427387500503755
[4, 12],5410.672959845555,-21.719917286483906
[4, 13],5428.807774182056,-12.637453541407922
[4, 14],5445.724834732095,-8.297506282244285
[4, 15],5460.365814108757,-11.962314205047733
[4, 16],5489.958178613786,-8.87583207343232
[4, 17],5518.128050194483,-13.706505968556485
[4, 18],5563.430199758013,-0.07115763434194378
[4, 19],5606.268433982584,18.71785155215275
[4, 20],5645.99426983679,42.892261404696
[4, 21],5666.834438591657,54.83916808966296
[5, 0],5217.802633481994,-31.111078635826743
[5, 1],5227.679623435994,-29.20405012725405
[5, 2],5237.606819695968,-31.42943401483808
[5, 3],5267.807338532162,-23.100210106273153
[5, 4],5306.568204183344,-14.610617894551979
[5, 5],5343.151311517469,-6.086248841568704
[5, 6],5366.880087131876,-2.8237079487798837
[5, 7],5380.839926774263,-5.10485967209388
[5, 8],5385.751352993978,-12.741100466687385
[5, 9],5388.588259711858,-17.429220553187406
[5, 10],5387.770838019856,-22.85200987889857
[5, 11],5388.326607394463,-26.7641494310883
[5, 12],5396.772785825091,-23.905037452032957
[5, 13],5409.080047335249,-18.81570417731109
[5, 14],5419.039613200358,-19.078297789610588
[5, 15],5430.046768172052,-24.237074774126995
[5, 16],5451.083406421572,-28.078121953438313
[5, 17],5478.424742629516,-31.888009948831495
[5, 18],5525.0487860747735,-15.481722684869055
[5, 19],5584.432090786578,19.836739940717052
[5, 20],5625.5857378393175,44.54090534522493
[5, 21],5652.013618716084,61.25191472415554
[6, 0],5204.758610659538,-29.73977919522258
[6, 1],5216.197111996774,-28.162924168663267
[6, 2],5231.112283923508,-26.36487374362605
[6, 3],5263.984741646394,-17.274700187109374
[6, 4],5306.691685847176,-8.606504202271935
[6, 5],5345.306978461624,-2.1325674734716813
[6, 6],5371.638922298855,0.31814035640854854
[6, 7],5387.622590077319,-2.3929083972379885
[6, 8],5392.44928033844,-10.832717806638357
[6, 9],5397.817133944864,-12.68876125198949
[6, 10],5398.64136832976,-15.822741274223517
[6, 11],5399.37875435358,-18.38539480763575
[6, 12],5403.977392782504,-17.360868874884545
[6, 13],5410.830850893397,-14.887627528708435
[6, 14],5416.985116874187,-15.586745936735497
[6, 15],5425.089186771372,-20.169073952997678
[6, 16],5422.781003798344,-44.22676323730593
[6, 17],5456.0863777282475,-39.305823330402745
[6, 18],5508.726977419812,-14.471872298820927
[6, 19],5561.5097657238475,15.907904951653109
[6, 20],5610.423934872012,49.20374060501854
[6, 21],5644.052457786417,73.28537529828463
[7, 0],5203.521041210855,-23.604600988797756
[7, 1],5210.8127291226565,-28.41460573148106
[7, 2],5233.305871502273,-22.199121088296124
[7, 3],5269.029682299547,-13.855965032261338
[7, 4],5313.317910811804,-6.133632793944344
[7, 5],5350.966500621896,-2.4082514118599647
[7, 6],5380.915231301388,0.5611667259208843
[7, 7],5399.4565604567415,-2.480899928023973
[7, 8],5408.349093763565,-7.749572807072582
[7, 9],5412.543425576192,-10.995526921471537
[7, 10],5415.690950927181,-11.923504306523682
[7, 11],5421.7296591998975,-8.295185177462372
[7, 12],5423.260431723722,-7.849006432774331
[7, 13],5417.71829619675,-14.280401092705688
[7, 14],5419.671271470866,-15.215450015324677
[7, 15],5418.864221605333,-24.27586762156534
[7, 16],5421.37426407034,-39.37326369769016
[7, 17],5447.413558039146,-39.252087682676574
[7, 18],5493.048244630477,-20.151030572868876
[7, 19],5546.153355071865,11.641062718065768
[7, 20],5594.330545969331,45.056753843924525
[7, 21],5636.880644192158,78.25727415375877
[8, 0],5209.017742276479,-17.773757102415402
[8, 1],5221.674603607449,-19.62869358594162
[8, 2],5244.583933626948,-19.147116275963526
[8, 3],5282.485673703105,-14.3831722037512
[8, 4],5323.16102276234,-10.19616721966213
[8, 5],5360.327222844674,-4.374746080025034
[8, 6],5390.4893778821715,-2.335047927155756
[8, 7],5411.729142187786,-5.84498432046621
[8, 8],5425.578529720639,-8.00991306020478
[8, 9],5432.057980111605,-9.925050059203386
[8, 10],5435.246251621959,-11.069153745979747
[8, 11],5440.0933984801,-7.395640428070692
[8, 12],5437.587783842337,-8.159606191626153
[8, 13],5431.297586135817,-11.764444558882133
[8, 14],5425.550849325657,-16.426882354418012
[8, 15],5419.107142933042,-26.238599875077853
[8, 16],5414.939082210374,-42.551749698467574
[8, 17],5439.779540137671,-40.0666043199617
[8, 18],5481.63808690308,-23.703267675877214
[8, 19],5531.346807134314,4.9248895382688715
[8, 20],5576.000402947711,34.88363253771968
[8, 21],5626.444046898292,75.41638138241615
[9, 0],5217.064322139442,-13.353853956766216
[9, 1],5238.138899043732,-8.465477957877738
[9, 2],5257.41186329534,-15.952287116619118
[9, 3],5296.543088731892,-13.426769261638583
[9, 4],5333.556075392464,-11.786968634588447
[9, 5],5365.592570514166,-9.164614723017621
[9, 6],5400.1372108476935,-4.933431491389456
[9, 7],5428.2906412324055,-6.698751888004153
[9, 8],5446.588823190172,-7.841688828872975
[9, 9],5454.81220262658,-8.873563721177561
[9, 10],5456.280048624745,-10.806190435204371
[9, 11],5453.172444824652,-12.858899382878008
[9, 12],5445.251963864142,-16.218037762579115
[9, 13],5436.591959145,-19.297843757347437
[9, 14],5424.943869833531,-26.783892631705385
[9, 15],5414.87226553906,-36.09099089769643
[9, 16],5405.429465525552,-51.812298540864504
[9, 17],5424.520124964912,-49.5472545723469
[9, 18],5464.20297079134,-32.92131236500609
[9, 19],5510.641363554574,-7.511310767312352
[9, 20],5555.828564756684,22.00723304168241
[9, 21],5615.305867676698,69.35505162716345
[10, 0],5218.769203324317,-15.812527146608772
[10, 1],5241.878328394953,-8.725395012972513
[10, 2],5271.112292772126,-5.62855798631972
[10, 3],5309.333740809824,-4.58649622874691
[10, 4],5342.556167508994,-9.373943727585356
[10, 5],5376.738602049955,-8.540604651038848
[10, 6],5414.346526327531,-6.486679327380443
[10, 7],5449.981783547381,-5.876867553405646
[10, 8],5471.031343682109,-6.277178211161299
[10, 9],5479.121985046397,-6.558676687725892
[10, 10],5478.03777512736,-8.87727679555428
[10, 11],5470.8592432957485,-12.740674632580522
[10, 12],5457.791910396075,-19.453053452328277
[10, 13],5443.937930424438,-26.275038153607966
[10, 14],5432.390303220202,-32.17883254993285
[10, 15],5415.086380546225,-46.45235342569231
[10, 16],5399.6337624851385,-63.89736538126181
[10, 17],5410.48050235186,-64.1195662003147
[10, 18],5445.378925892359,-48.67380242706986
[10, 19],5490.841027257065,-24.326294644858535
[10, 20],5540.408008070895,6.923089035269186
[10, 21],5609.781509436154,59.124291627344064
[11, 0],5212.759534738545,-24.719936436874377
[11, 1],5239.453070145695,-13.901619446509358
[11, 2],5271.43183371239,-7.670933915609567
[11, 3],5316.476044932456,-2.4041273971643022
[11, 4],5357.39490599464,-6.6651736068442915
[11, 5],5396.1931308934245,-9.108920152949395
[11, 6],5438.482443470588,-6.816040768309904
[11, 7],5473.9060857573095,-6.301526984140764
[11, 8],5495.650240429202,-4.151893440137428
[11, 9],5503.212803856253,-3.06148616500559
[11, 10],5502.290101985217,-3.7434983140765326
[11, 11],5493.882094778909,-8.2382477689207
[11, 12],5480.33692488644,-15.654726402101915
[11, 13],5467.297684132782,-22.136659297699225
[11, 14],5452.686998917694,-31.424248983058533
[11, 15],5432.823535238773,-48.05313998558813
[11, 16],5409.846911832868,-71.24501318558305
[11, 17],5410.927922973462,-77.5088017746375
[11, 18],5434.535482976807,-70.87273617044593
[11, 19],5485.601051551845,-42.77887898277095
[11, 20],5540.4868801801995,-11.734857128462863
[11, 21],5608.7429220459235,31.970930568557378
[12, 0],5196.190323301196,-40.58991268021782
[12, 1],5222.453140479924,-33.6940002486117
[12, 2],5271.2865452491815,-16.73870821235687
[12, 3],5331.21253453117,-5.960679615117442
[12, 4],5386.173511221093,-4.912803882756634
[12, 5],5430.372006849526,-5.551647868823238
[12, 6],5465.9762671465705,-7.227043404473079
[12, 7],5500.751811829666,-2.1123039214671735
[12, 8],5520.352920325996,0.19656576171109919
[12, 9],5528.8948057146645,2.0272428490607126
[12, 10],5530.894209894635,2.903882065316793
[12, 11],5523.793880528768,-2.5785610605526017
[12, 12],5513.627139315009,-9.415590514908217
[12, 13],5507.657125380351,-11.25941840003452
[12, 14],5497.8416442437165,-17.394563163398743
[12, 15],5471.285277214573,-41.55481621738363
[12, 16],5447.022609048527,-65.63174836205144
[12, 17],5437.007705575595,-81.1019477146001
[12, 18],5457.875229485279,-76.26592544083996
[12, 19],5506.90898564091,-53.16722919014683
[12, 20],5562.231853896019,-27.19245530270109
[12, 21],5615.036572464632,-3.1717087167080535
[13, 0],5164.043471773894,-64.94154350777171
[13, 1],5218.521319856476,-40.58402480571476
[13, 2],5287.659408038272,-20.14478596817571
[13, 3],5354.478356443804,-16.054530203417926
[13, 4],5418.483943839989,-6.444655124905694
[13, 5],5458.147918626687,-4.947345415602285
[13, 6],5487.168374143915,-6.345992296329314
[13, 7],5516.580424917543,-3.1749305546909454
[13, 8],5541.198139066859,2.5133414542924584
[13, 9],5555.37940717937,5.631858765783363
[13, 10],5557.049683884685,1.165147296417672
[13, 11],5556.845582591669,-2.4815943165867793
[13, 12],5557.5303991083665,-2.949878514370539
[13, 13],5560.238022658434,0.6933825346877711
[13, 14],5554.630396358564,-2.9169432106473323
[13, 15],5526.3293365198415,-29.366829780360604
[13, 16],5496.653738996069,-58.689368632926744
[13, 17],5484.035577802995,-75.80356424048387
[13, 18],5503.542552441323,-71.2821970108007
[13, 19],5553.725440157699,-47.63960321848663
[13, 20],5610.555222123133,-21.3841269678951
[13, 21],5662.22450826602,2.2216346019122284
[14, 0],5141.072359092661,-79.73105302392287
[14, 1],5211.864377085499,-52.00512878932204
[14, 2],5305.555435762065,-27.2456661909182
[14, 3],5382.692806624346,-19.90770328047256
[14, 4],5437.128799200145,-11.483333170331207
[14, 5],5472.390005892497,-6.37583006834484
[14, 6],5495.907254694368,-10.409035547982057
[14, 7],5525.666302307543,-8.417020643977594
[14, 8],5554.109790418561,-3.8152156653277416
[14, 9],5577.898086940617,2.428435697142959
[14, 10],5590.08937466034,2.26545966779031
[14, 11],5596.534711759297,0.38048087359493366
[14, 12],5608.175847099954,7.384403283573192
[14, 13],5614.863796627893,12.432967987092525
[14, 14],5612.231501804227,9.899954023997452
[14, 15],5587.603248102718,-14.321919929672731
[14, 16],5557.792759914307,-45.14187347534971
[14, 17],5550.705158834977,-57.419001833762195
[14, 18],5568.796022589361,-53.15487790138923
[14, 19],5617.81031593623,-28.43336087118132
[14, 20],5667.429180477947,-7.12105507792603
[14, 21],5716.1773507523885,16.147985801235336
[15, 0],5141.306840737759,-85.5348916038356
[15, 1],5221.506596981635,-55.74430215927623
[15, 2],5325.566064072605,-26.9862848107432
[15, 3],5397.80976514906,-21.465910503631676
[15, 4],5445.017024051567,-14.533035001447388
[15, 5],5477.003044143322,-11.907903306794651
[15, 6],5500.571241186149,-19.528410981163688
[15, 7],5531.738620215855,-20.875581462493756
[15, 8],5568.152008106698,-12.53343087302892
[15, 9],5596.463440680727,-5.724815566222787
[15, 10],5618.654311088929,0.7945631938828228
[15, 11],5637.05822494598,8.62046722789637
[15, 12],5647.475826472346,12.39795448215773
[15, 13],5657.069014574916,17.481850592990668
[15, 14],5653.925219143858,10.696030578733371
[15, 15],5640.0201287284835,-6.6852249475086865
[15, 16],5625.628356655831,-25.503080233905166
[15, 17],5624.288236418087,-34.10101435172328
[15, 18],5652.371581559538,-19.02549691787044
[15, 19],5689.579441285371,-2.544112783163655
[15, 20],5732.436748704022,16.008885159721103
[15, 21],5774.509476540065,36.15168368324157
[16, 0],5175.025202398895,-71.38751303820936
[16, 1],5259.872642184137,-39.79421355024533
[16, 2],5351.469827510509,-16.781720722065074
[16, 3],5416.703705393198,-9.929520018053154
[16, 4],5454.104314984464,-12.724803902735403
[16, 5],5483.354394579923,-19.839548942661168
[16, 6],5515.237377478177,-27.47552980240198
[16, 7],5548.267045828615,-30.256137281651718
[16, 8],5583.099587645959,-22.71425091484616
[16, 9],5616.612763336233,-9.76960582232823
[16, 10],5639.109433967438,-2.93890236498828
[16, 11],5662.287686801341,8.716767964797327
[16, 12],5672.311704447904,9.645164987174212
[16, 13],5688.643498966719,17.209510614382452
[16, 14],5695.969133135767,15.694490428513745
[16, 15],5689.283208763333,0.7961676865725167
[16, 16],5688.604668264296,-7.691452524123633
[16, 17],5698.126325634435,-6.95211736962483
[16, 18],5719.568153546394,2.6658417789140003
[16, 19],5752.1371223842025,18.603722638484214
[16, 20],5788.3095686513525,35.48027551807627
[16, 21],5823.377826966581,53.19402768828331
[17, 0],5220.528199472432,-51.09928391274207
[17, 1],5302.706153046737,-20.93691199203022
[17, 2],5379.162743323026,-3.8768354965732215
[17, 3],5432.602388976764,-3.3619467416892803
[17, 4],5469.688290548012,-11.382167361742177
[17, 5],5502.005755958834,-25.80073804413678
[17, 6],5540.757157167166,-32.31099718735459
[17, 7],5572.868695797035,-33.28610168106934
[17, 8],5600.983721275584,-27.43029021881921
[17, 9],5634.500918656642,-11.318322135811286
[17, 10],5657.222041635171,-3.386746745659366
[17, 11],5680.312005827598,6.884305032330303
[17, 12],5695.658112814442,9.61245367709671
[17, 13],5713.520165440041,13.808932965926942
[17, 14],5729.064382989228,16.02074643142896
[17, 15],5737.4466049797475,13.116958073660498
[17, 16],5748.103822270596,14.299381040442313
[17, 17],5755.91174835902,13.10978519600667
[17, 18],5772.392275982482,19.557577401072194
[17, 19],5797.000052709947,31.782892857818297
[17, 20],5826.438932542836,47.225635658480314
[17, 21],5854.086811055805,62.181165086772126
[18, 0],5262.843292628453,-33.84745161662249
[18, 1],5340.933793322983,-4.136163110689267
[18, 2],5404.001028735638,4.6721897018042
[18, 3],5450.468345275381,-3.803575095810629
[18, 4],5484.347872866714,-23.316562525869813
[18, 5],5528.546034530973,-30.951742393889617
[18, 6],5569.673056426152,-31.753900434257957
[18, 7],5597.587654460756,-30.924322893900353
[18, 8],5623.125294847258,-23.543510178264114
[18, 9],5649.363286708591,-12.59077902604804
[18, 10],5675.546733323289,-0.8374058192830489
[18, 11],5701.705032731439,10.781349458178738
[18, 12],5713.79727649697,6.619671930941877
[18, 13],5733.319898720857,8.655899864228559
[18, 14],5754.503247701056,14.315248710328888
[18, 15],5775.1471838199095,22.85427273825917
[18, 16],5789.557723937753,27.522207172552044
[18, 17],5800.763987583915,30.12744498727625
[18, 18],5808.159654938618,29.29003695172196
[18, 19],5824.293202645768,36.87832083734156
[18, 20],5847.647800045457,51.21306404742518
[18, 21],5869.472599491226,64.50611332545395
[19, 0],5294.08944755522,-27.922984053871005
[19, 1],5367.879285359775,-0.0979767021826774
[19, 2],5429.771150674579,6.248319191253358
[19, 3],5466.554895886125,-19.08447427154897
[19, 4],5516.188598032193,-27.13334719447903
[19, 5],5560.473207165531,-29.375964019594903
[19, 6],5592.885252928929,-30.300749222992636
[19, 7],5619.972724760851,-25.67826374881497
[19, 8],5646.986987528244,-15.429128685168507
[19, 9],5673.200273266965,-4.079150216935886
[19, 10],5697.748142042493,5.703580614056591
[19, 11],5720.209371696164,11.771642885577421
[19, 12],5736.0217409144525,8.330937173098391
[19, 13],5756.787756639053,9.580367089542051
[19, 14],5780.0428039471335,17.173312053748305
[19, 15],5798.5587315669845,24.121178416499788
[19, 16],5813.738158808761,29.975988627325023
[19, 17],5827.4592657308085,35.73968266456268
[19, 18],5832.08921162325,33.728330574029314
[19, 19],5841.539744870296,37.71828117725272
[19, 20],5852.859543567396,44.30459581333707
[19, 21],5870.1431802034795,56.96702929064304
[20, 0],5315.10516247761,-35.928196933755316
[20, 1],5392.8043908754225,-5.549001138747371
[20, 2],5429.594682832265,-28.711679244384868
[20, 3],5497.80774010583,-25.49693224118255
[20, 4],5548.731303489641,-27.029848328222215
[20, 5],5586.687056242976,-25.712544944986803
[20, 6],5617.82305097695,-20.99784058084333
[20, 7],5642.985563789873,-16.33982863608253
[20, 8],5668.986750834935,-7.48170278280395
[20, 9],5694.314924933274,2.343637448825575
[20, 10],5717.947741998475,10.367769209760809
[20, 11],5737.370674596749,11.59177523553808
[20, 12],5759.046304843874,11.657259824981338
[20, 13],5776.809443606689,8.841739324197988
[20, 14],5797.839212489565,14.68477956872266
[20, 15],5818.427087414285,24.56939459186924
[20, 16],5832.388561775589,30.0388374978711
[20, 17],5843.015054107823,33.73657713402736
[20, 18],5847.223033421914,32.85376054116023
[20, 19],5847.462729876987,29.925301258144827
[20, 20],5855.440123886999,36.33703960328239
[20, 21],5865.387627688696,45.30868667215782
[21, 0],5321.076152201407,-59.24622559501313
[21, 1],5403.970617287777,-27.205499895319008
[21, 2],5453.222199510729,-38.49519310719188
[21, 3],5523.215484990052,-27.956813361895
[21, 4],5576.627881573895,-18.799370151697985
[21, 5],5610.45706194219,-15.174139344448122
[21, 6],5640.765090928045,-8.32882353680452
[21, 7],5666.325634880086,-3.393295253898941
[21, 8],5689.597420489278,1.4004657350487832
[21, 9],5710.036556538723,5.184989708461217
[21, 10],5732.073212145663,10.6846011939042
[21, 11],5751.804838941808,11.036921341645211
[21, 12],5776.866170671274,13.084037091763093
[21, 13],5793.618736400229,8.419417412244911
[21, 14],5812.444475235337,12.0047562673235
[21, 15],5831.853253532554,21.06451852443115
[21, 16],5846.270827977554,27.670956257185026
[21, 17],5856.799195334565,32.27302387009877
[21, 18],5860.386169778082,32.026333908779634
[21, 19],5859.524357760656,29.43248241672336
[21, 20],5857.6068733610455,27.674590196787904
[21, 21],5857.732882028431,29.38272266436161
[22, 0],5331.994583236583,-72.33920412482803
[22, 1],5410.778068510634,-46.77675463919422
[22, 2],5481.102822653927,-33.18948678950801
[22, 3],5540.4642702356305,-25.154933557610093
[22, 4],5592.716993603036,-11.306211493999399
[22, 5],5629.557979053051,-2.0758824758850096
[22, 6],5660.134031541176,5.495755302224097
[22, 7],5685.058296107559,8.46785770643146
[22, 8],5705.680811721003,8.512200193415993
[22, 9],5724.699517932067,9.242708613910509
[22, 10],5744.662691831835,11.816786309193958
[22, 11],5762.083581113346,9.680937828290553
[22, 12],5785.70460262207,10.373389846090504
[22, 13],5807.2052638775085,10.127414986441181
[22, 14],5824.0016368401675,11.146949128364213
[22, 15],5840.205689340725,16.713707992334093
[22, 16],5853.190216344897,21.88343731209534
[22, 17],5865.4936065072325,28.320361763080655
[22, 18],5872.733843030168,31.68473512661967
[22, 19],5872.067601555,29.120696445314934
[22, 20],5862.102348624911,19.03322737599592
[22, 21],5861.530946564663,20.11473704378568
[23, 0],5347.2705189737735,-76.78279212756661
[23, 1],5433.681016056252,-43.612288105632615
[23, 2],5501.082941219587,-27.549087870697804
[23, 3],5560.2041867909065,-12.420577673260595
[23, 4],5606.338788207921,-0.4401408604280732
[23, 5],5638.904659124983,5.812182883426431
[23, 6],5670.902184982963,14.50441966526796
[23, 7],5696.70509046225,16.553271652767762
[23, 8],5717.486637828673,14.065319415490194
[23, 9],5736.0143956576385,12.198385468518609
[23, 10],5755.754884011205,13.710232655562322
[23, 11],5772.834348510166,11.68784713117293
[23, 12],5792.371031371115,9.425282271228753
[23, 13],5812.257064963312,7.893947795084387
[23, 14],5829.36943297976,8.664519773642496
[23, 15],5842.740926387749,10.821578036212486
[23, 16],5856.260655149066,16.033900714605807
[23, 17],5867.435763287238,20.4959908046103
[23, 18],5876.487559971004,24.116590682303467
[23, 19],5871.41139072715,14.882481478112823
[23, 20],5869.373327023197,9.887768247815075
[23, 21],5864.83378857306,3.5747960548678748
[24, 0],5372.901939550336,-68.38368085219281
[24, 1],5458.792324094811,-32.704917150398614
[24, 2],5521.070083691969,-15.999355757397097
[24, 3],5571.274207434701,-4.133255367809397
[24, 4],5611.929781975378,5.408102616311226
[24, 5],5641.859594135122,9.877057084131593
[24, 6],5670.773595130647,15.091800603695447
[24, 7],5698.169062313716,16.964254334214274
[24, 8],5722.841336230786,15.512252598799932
[24, 9],5745.661071103437,15.609352739969836
[24, 10],5764.048383629683,14.915132464592716
[24, 11],5781.672073387231,14.002656746326466
[24, 12],5800.062196477783,11.881566331601789
[24, 13],5816.517728819461,7.495417946272028
[24, 14],5831.515516559814,5.656986383391086
[24, 15],5843.726858864164,5.871384413905616
[24, 16],5856.333611418132,9.331194621870964
[24, 17],5869.038437400943,14.26404455357715
[24, 18],5876.939051510442,15.443711052012986
[24, 19],5875.810362324025,8.868602102968907
[24, 20],5875.13371152819,4.172798918893022
[24, 21],5875.600644260588,1.9213970796927242
[25, 0],5411.507206924546,-44.31096762565721
[25, 1],5477.116458859551,-22.292819092072932
[25, 2],5531.867045638526,-7.416533769828675
[25, 3],5576.071784004515,1.8913552194044314
[25, 4],5607.466052151617,3.4824143069035927
[25, 5],5636.85578668812,7.488692387051742
[25, 6],5663.462467732193,9.805960304884138
[25, 7],5694.552877200438,13.751633021263842
[25, 8],5722.390233137016,12.7737127760347
[25, 9],5751.57774235611,16.978355680347704
[25, 10],5771.905093871683,17.434160726950722
[25, 11],5789.674651322462,17.160641443486384
[25, 12],5805.40219582815,13.370015241438523
[25, 13],5818.907542289403,6.320417596138213
[25, 14],5832.560440296309,2.350478003749231
[25, 15],5847.2114778960395,3.8166704712884894
[25, 16],5860.293885559474,6.695321826233339
[25, 17],5870.6254303749065,8.723313981595311
[25, 18],5879.084548472127,10.721527118371341
[25, 19],5880.834596254138,7.940404387926719
[25, 20],5879.38227480478,3.613859236341341
[25, 21],5875.957087407723,-1.5190501842798767
[26, 0],5441.2862306706675,-25.906772757095496
[26, 1],5494.680141214095,-6.7099703475605565
[26, 2],5541.447097669577,6.103042530032326
[26, 3],5580.95373621935,12.336197740957687
[26, 4],5601.663727076336,2.581868562766431
[26, 5],5631.402805141355,5.839113738667038
[26, 6],5657.414233707619,6.542821400305002
[26, 7],5689.321885923503,9.746482348308746
[26, 8],5720.518909442574,9.65636070774326
[26, 9],5753.00654029917,15.070533822338803
[26, 10],5776.4095419238465,17.939218589644952
[26, 11],5793.201782822919,17.12684491686923
[26, 12],5806.104200538932,11.039995575733883
[26, 13],5823.7854030923945,7.595508659392181
[26, 14],5837.749283458887,2.295313195295421
[26, 15],5855.195155108714,5.052546705748682
[26, 16],5867.637835031341,6.835401348627784
[26, 17],5876.542975622691,8.241379418884208
[26, 18],5881.274534604606,8.072981924276974
[26, 19],5881.6662898771965,5.516500108441505
[26, 20],5879.13273117524,1.3071297526739727
[26, 21],5875.945822997674,-2.8108258291476886
[27, 0],5469.318805375481,-6.262891113548903
[27, 1],5507.751652187815,7.886172220791195
[27, 2],5546.450706492218,19.283034493539162
[27, 3],5580.314743973663,21.259341770978608
[27, 4],5587.044328960122,-4.621276256817509
[27, 5],5612.455879794927,-8.006917822904143
[27, 6],5634.182182086829,-12.656210104994898
[27, 7],5663.448563634574,-12.707123492403298
[27, 8],5704.489184362634,-4.625752896774429
[27, 9],5737.835092254037,-0.7331004877451051
[27, 10],5766.395892395589,5.897192805160557
[27, 11],5794.912788839766,16.57703967447287
[27, 12],5815.385730445856,17.584658000107083
[27, 13],5828.867931479005,7.757130865807085
[27, 14],5848.800318406522,5.835130990072685
[27, 15],5864.940545156044,6.594973924956321
[27, 16],5877.556169803837,9.800897323755635
[27, 17],5883.85253079962,10.635308017816897
[27, 18],5885.950802009043,9.677522878862874
[27, 19],5884.920203427417,6.981473501045912
[27, 20],5881.742337136955,2.902633390999654
[27, 21],5878.08044859433,-1.252461436417434
