grid_point, number_available_obs
[0, 0],18.0
[0, 1],15.0
[0, 2],15.0
[0, 3],15.0
[0, 4],16.0
[0, 5],13.0
[0, 6],15.0
[0, 7],14.0
[0, 8],16.0
[0, 9],14.0
[0, 10],14.0
[0, 11],15.0
[0, 12],14.0
[0, 13],14.0
[0, 14],14.0
[0, 15],13.0
[0, 16],12.0
[0, 17],12.0
[0, 18],13.0
[0, 19],10.0
[0, 20],9.0
[0, 21],8.0
[1, 0],16.0
[1, 1],15.0
[1, 2],14.0
[1, 3],16.0
[1, 4],14.0
[1, 5],15.0
[1, 6],15.0
[1, 7],16.0
[1, 8],16.0
[1, 9],17.0
[1, 10],17.0
[1, 11],17.0
[1, 12],18.0
[1, 13],18.0
[1, 14],17.0
[1, 15],16.0
[1, 16],16.0
[1, 17],14.0
[1, 18],13.0
[1, 19],11.0
[1, 20],10.0
[1, 21],8.0
[2, 0],14.0
[2, 1],14.0
[2, 2],15.0
[2, 3],15.0
[2, 4],14.0
[2, 5],17.0
[2, 6],16.0
[2, 7],17.0
[2, 8],18.0
[2, 9],17.0
[2, 10],19.0
[2, 11],18.0
[2, 12],20.0
[2, 13],19.0
[2, 14],19.0
[2, 15],18.0
[2, 16],18.0
[2, 17],16.0
[2, 18],15.0
[2, 19],13.0
[2, 20],11.0
[2, 21],8.0
[3, 0],14.0
[3, 1],15.0
[3, 2],16.0
[3, 3],16.0
[3, 4],16.0
[3, 5],17.0
[3, 6],17.0
[3, 7],19.0
[3, 8],19.0
[3, 9],21.0
[3, 10],21.0
[3, 11],22.0
[3, 12],24.0
[3, 13],24.0
[3, 14],23.0
[3, 15],21.0
[3, 16],22.0
[3, 17],20.0
[3, 18],17.0
[3, 19],15.0
[3, 20],14.0
[3, 21],11.0
[4, 0],15.0
[4, 1],15.0
[4, 2],17.0
[4, 3],18.0
[4, 4],17.0
[4, 5],16.0
[4, 6],19.0
[4, 7],21.0
[4, 8],21.0
[4, 9],25.0
[4, 10],26.0
[4, 11],24.0
[4, 12],27.0
[4, 13],27.0
[4, 14],25.0
[4, 15],26.0
[4, 16],23.0
[4, 17],21.0
[4, 18],19.0
[4, 19],15.0
[4, 20],13.0
[4, 21],13.0
[5, 0],14.0
[5, 1],14.0
[5, 2],18.0
[5, 3],18.0
[5, 4],17.0
[5, 5],18.0
[5, 6],21.0
[5, 7],22.0
[5, 8],25.0
[5, 9],27.0
[5, 10],27.0
[5, 11],28.0
[5, 12],29.0
[5, 13],29.0
[5, 14],29.0
[5, 15],28.0
[5, 16],26.0
[5, 17],23.0
[5, 18],21.0
[5, 19],20.0
[5, 20],14.0
[5, 21],14.0
[6, 0],14.0
[6, 1],12.0
[6, 2],16.0
[6, 3],16.0
[6, 4],17.0
[6, 5],21.0
[6, 6],22.0
[6, 7],23.0
[6, 8],28.0
[6, 9],26.0
[6, 10],27.0
[6, 11],29.0
[6, 12],33.0
[6, 13],32.0
[6, 14],31.0
[6, 15],30.0
[6, 16],29.0
[6, 17],27.0
[6, 18],22.0
[6, 19],20.0
[6, 20],19.0
[6, 21],17.0
[7, 0],13.0
[7, 1],13.0
[7, 2],15.0
[7, 3],17.0
[7, 4],21.0
[7, 5],21.0
[7, 6],23.0
[7, 7],28.0
[7, 8],30.0
[7, 9],28.0
[7, 10],31.0
[7, 11],32.0
[7, 12],32.0
[7, 13],35.0
[7, 14],33.0
[7, 15],33.0
[7, 16],31.0
[7, 17],30.0
[7, 18],25.0
[7, 19],23.0
[7, 20],21.0
[7, 21],19.0
[8, 0],14.0
[8, 1],13.0
[8, 2],14.0
[8, 3],16.0
[8, 4],17.0
[8, 5],19.0
[8, 6],23.0
[8, 7],28.0
[8, 8],29.0
[8, 9],29.0
[8, 10],32.0
[8, 11],32.0
[8, 12],38.0
[8, 13],38.0
[8, 14],36.0
[8, 15],35.0
[8, 16],38.0
[8, 17],32.0
[8, 18],29.0
[8, 19],27.0
[8, 20],23.0
[8, 21],18.0
[9, 0],12.0
[9, 1],13.0
[9, 2],16.0
[9, 3],16.0
[9, 4],18.0
[9, 5],18.0
[9, 6],22.0
[9, 7],26.0
[9, 8],29.0
[9, 9],30.0
[9, 10],31.0
[9, 11],33.0
[9, 12],39.0
[9, 13],35.0
[9, 14],35.0
[9, 15],37.0
[9, 16],36.0
[9, 17],31.0
[9, 18],30.0
[9, 19],28.0
[9, 20],25.0
[9, 21],24.0
[10, 0],12.0
[10, 1],13.0
[10, 2],14.0
[10, 3],16.0
[10, 4],18.0
[10, 5],21.0
[10, 6],23.0
[10, 7],26.0
[10, 8],30.0
[10, 9],29.0
[10, 10],33.0
[10, 11],37.0
[10, 12],38.0
[10, 13],37.0
[10, 14],41.0
[10, 15],40.0
[10, 16],40.0
[10, 17],39.0
[10, 18],35.0
[10, 19],32.0
[10, 20],27.0
[10, 21],24.0
[11, 0],14.0
[11, 1],14.0
[11, 2],15.0
[11, 3],15.0
[11, 4],17.0
[11, 5],20.0
[11, 6],22.0
[11, 7],27.0
[11, 8],29.0
[11, 9],33.0
[11, 10],34.0
[11, 11],37.0
[11, 12],41.0
[11, 13],44.0
[11, 14],44.0
[11, 15],42.0
[11, 16],44.0
[11, 17],37.0
[11, 18],38.0
[11, 19],35.0
[11, 20],30.0
[11, 21],26.0
[12, 0],13.0
[12, 1],13.0
[12, 2],18.0
[12, 3],16.0
[12, 4],19.0
[12, 5],21.0
[12, 6],28.0
[12, 7],28.0
[12, 8],31.0
[12, 9],34.0
[12, 10],38.0
[12, 11],38.0
[12, 12],41.0
[12, 13],41.0
[12, 14],45.0
[12, 15],45.0
[12, 16],43.0
[12, 17],40.0
[12, 18],38.0
[12, 19],33.0
[12, 20],31.0
[12, 21],24.0
[13, 0],13.0
[13, 1],13.0
[13, 2],17.0
[13, 3],17.0
[13, 4],22.0
[13, 5],26.0
[13, 6],28.0
[13, 7],29.0
[13, 8],29.0
[13, 9],36.0
[13, 10],36.0
[13, 11],40.0
[13, 12],43.0
[13, 13],45.0
[13, 14],47.0
[13, 15],46.0
[13, 16],44.0
[13, 17],42.0
[13, 18],37.0
[13, 19],34.0
[13, 20],32.0
[13, 21],26.0
[14, 0],11.0
[14, 1],13.0
[14, 2],17.0
[14, 3],16.0
[14, 4],23.0
[14, 5],24.0
[14, 6],27.0
[14, 7],32.0
[14, 8],35.0
[14, 9],38.0
[14, 10],42.0
[14, 11],41.0
[14, 12],42.0
[14, 13],45.0
[14, 14],46.0
[14, 15],45.0
[14, 16],45.0
[14, 17],42.0
[14, 18],38.0
[14, 19],34.0
[14, 20],33.0
[14, 21],26.0
[15, 0],15.0
[15, 1],16.0
[15, 2],17.0
[15, 3],20.0
[15, 4],22.0
[15, 5],26.0
[15, 6],29.0
[15, 7],33.0
[15, 8],37.0
[15, 9],38.0
[15, 10],42.0
[15, 11],42.0
[15, 12],46.0
[15, 13],46.0
[15, 14],45.0
[15, 15],45.0
[15, 16],42.0
[15, 17],39.0
[15, 18],37.0
[15, 19],33.0
[15, 20],31.0
[15, 21],28.0
[16, 0],16.0
[16, 1],18.0
[16, 2],20.0
[16, 3],24.0
[16, 4],27.0
[16, 5],28.0
[16, 6],30.0
[16, 7],35.0
[16, 8],36.0
[16, 9],41.0
[16, 10],46.0
[16, 11],44.0
[16, 12],45.0
[16, 13],48.0
[16, 14],49.0
[16, 15],45.0
[16, 16],43.0
[16, 17],36.0
[16, 18],36.0
[16, 19],33.0
[16, 20],26.0
[16, 21],25.0
[17, 0],17.0
[17, 1],20.0
[17, 2],21.0
[17, 3],24.0
[17, 4],30.0
[17, 5],31.0
[17, 6],35.0
[17, 7],37.0
[17, 8],40.0
[17, 9],42.0
[17, 10],44.0
[17, 11],49.0
[17, 12],46.0
[17, 13],47.0
[17, 14],50.0
[17, 15],49.0
[17, 16],41.0
[17, 17],38.0
[17, 18],34.0
[17, 19],29.0
[17, 20],29.0
[17, 21],23.0
[18, 0],18.0
[18, 1],22.0
[18, 2],25.0
[18, 3],27.0
[18, 4],28.0
[18, 5],32.0
[18, 6],34.0
[18, 7],34.0
[18, 8],40.0
[18, 9],44.0
[18, 10],48.0
[18, 11],51.0
[18, 12],48.0
[18, 13],47.0
[18, 14],50.0
[18, 15],45.0
[18, 16],42.0
[18, 17],36.0
[18, 18],33.0
[18, 19],29.0
[18, 20],27.0
[18, 21],22.0
[19, 0],19.0
[19, 1],23.0
[19, 2],25.0
[19, 3],27.0
[19, 4],30.0
[19, 5],30.0
[19, 6],33.0
[19, 7],38.0
[19, 8],39.0
[19, 9],39.0
[19, 10],48.0
[19, 11],47.0
[19, 12],45.0
[19, 13],44.0
[19, 14],44.0
[19, 15],45.0
[19, 16],42.0
[19, 17],37.0
[19, 18],35.0
[19, 19],29.0
[19, 20],27.0
[19, 21],23.0
[20, 0],20.0
[20, 1],22.0
[20, 2],24.0
[20, 3],27.0
[20, 4],33.0
[20, 5],30.0
[20, 6],30.0
[20, 7],36.0
[20, 8],39.0
[20, 9],42.0
[20, 10],44.0
[20, 11],45.0
[20, 12],44.0
[20, 13],41.0
[20, 14],41.0
[20, 15],42.0
[20, 16],44.0
[20, 17],41.0
[20, 18],38.0
[20, 19],31.0
[20, 20],28.0
[20, 21],26.0
[21, 0],19.0
[21, 1],21.0
[21, 2],25.0
[21, 3],27.0
[21, 4],29.0
[21, 5],31.0
[21, 6],31.0
[21, 7],34.0
[21, 8],35.0
[21, 9],41.0
[21, 10],40.0
[21, 11],41.0
[21, 12],43.0
[21, 13],43.0
[21, 14],42.0
[21, 15],42.0
[21, 16],40.0
[21, 17],37.0
[21, 18],34.0
[21, 19],29.0
[21, 20],29.0
[21, 21],25.0
[22, 0],18.0
[22, 1],21.0
[22, 2],23.0
[22, 3],26.0
[22, 4],27.0
[22, 5],28.0
[22, 6],29.0
[22, 7],31.0
[22, 8],32.0
[22, 9],37.0
[22, 10],39.0
[22, 11],41.0
[22, 12],42.0
[22, 13],43.0
[22, 14],41.0
[22, 15],38.0
[22, 16],39.0
[22, 17],33.0
[22, 18],31.0
[22, 19],25.0
[22, 20],24.0
[22, 21],21.0
[23, 0],17.0
[23, 1],21.0
[23, 2],22.0
[23, 3],24.0
[23, 4],26.0
[23, 5],25.0
[23, 6],28.0
[23, 7],30.0
[23, 8],32.0
[23, 9],31.0
[23, 10],35.0
[23, 11],37.0
[23, 12],40.0
[23, 13],39.0
[23, 14],35.0
[23, 15],34.0
[23, 16],32.0
[23, 17],29.0
[23, 18],28.0
[23, 19],24.0
[23, 20],24.0
[23, 21],18.0
[24, 0],16.0
[24, 1],19.0
[24, 2],21.0
[24, 3],22.0
[24, 4],25.0
[24, 5],25.0
[24, 6],27.0
[24, 7],30.0
[24, 8],30.0
[24, 9],32.0
[24, 10],32.0
[24, 11],36.0
[24, 12],36.0
[24, 13],36.0
[24, 14],34.0
[24, 15],31.0
[24, 16],29.0
[24, 17],24.0
[24, 18],23.0
[24, 19],21.0
[24, 20],19.0
[24, 21],18.0
[25, 0],14.0
[25, 1],15.0
[25, 2],20.0
[25, 3],24.0
[25, 4],25.0
[25, 5],24.0
[25, 6],24.0
[25, 7],25.0
[25, 8],28.0
[25, 9],28.0
[25, 10],32.0
[25, 11],33.0
[25, 12],31.0
[25, 13],30.0
[25, 14],27.0
[25, 15],27.0
[25, 16],26.0
[25, 17],23.0
[25, 18],20.0
[25, 19],16.0
[25, 20],14.0
[25, 21],13.0
[26, 0],13.0
[26, 1],15.0
[26, 2],17.0
[26, 3],19.0
[26, 4],21.0
[26, 5],23.0
[26, 6],23.0
[26, 7],22.0
[26, 8],27.0
[26, 9],27.0
[26, 10],29.0
[26, 11],28.0
[26, 12],29.0
[26, 13],25.0
[26, 14],23.0
[26, 15],23.0
[26, 16],20.0
[26, 17],18.0
[26, 18],17.0
[26, 19],14.0
[26, 20],14.0
[26, 21],9.0
[27, 0],12.0
[27, 1],13.0
[27, 2],16.0
[27, 3],16.0
[27, 4],19.0
[27, 5],20.0
[27, 6],20.0
[27, 7],21.0
[27, 8],24.0
[27, 9],24.0
[27, 10],26.0
[27, 11],27.0
[27, 12],26.0
[27, 13],22.0
[27, 14],22.0
[27, 15],19.0
[27, 16],18.0
[27, 17],16.0
[27, 18],14.0
[27, 19],12.0
[27, 20],11.0
[27, 21],9.0
