grid_point, analysis_value
[0, 0],5281.917644733541
[0, 1],5301.679363281382
[0, 2],5332.935675112337
[0, 3],5351.563479139868
[0, 4],5352.079679932778
[0, 5],5375.7374212929135
[0, 6],5385.384659880745
[0, 7],5399.2788198053895
[0, 8],5414.870241611787
[0, 9],5443.583244007445
[0, 10],5460.286022903529
[0, 11],5498.051723922297
[0, 12],5518.223429836407
[0, 13],5566.490913541889
[0, 14],5577.355577064607
[0, 15],5651.357558866974
[0, 16],5689.178728665684
[0, 17],5725.040624265846
[0, 18],5774.885636358449
[0, 19],5835.314607874985
[0, 20],5896.817223013131
[0, 21],5964.436165102117
[1, 0],5282.271436441025
[1, 1],5306.296326994309
[1, 2],5332.872130137703
[1, 3],5352.610617230996
[1, 4],5356.056092861656
[1, 5],5373.907066807829
[1, 6],5383.401854143376
[1, 7],5399.318900769429
[1, 8],5406.8116605601335
[1, 9],5433.514646876181
[1, 10],5451.694289034731
[1, 11],5481.115946359185
[1, 12],5495.47072312572
[1, 13],5522.727133413548
[1, 14],5569.360151147602
[1, 15],5598.257986650231
[1, 16],5629.491191626508
[1, 17],5663.886716003704
[1, 18],5717.029310558806
[1, 19],5759.629754781403
[1, 20],5811.531905497846
[1, 21],5878.60856006862
[2, 0],5275.51738435298
[2, 1],5304.579408013156
[2, 2],5322.539050346455
[2, 3],5348.12983272376
[2, 4],5355.049501868121
[2, 5],5364.5138823682355
[2, 6],5381.642270555381
[2, 7],5397.2567556742415
[2, 8],5398.595077919525
[2, 9],5424.921170461977
[2, 10],5445.38368892522
[2, 11],5456.2027556524
[2, 12],5480.562312420232
[2, 13],5492.268697265057
[2, 14],5529.934154195596
[2, 15],5551.6851508861955
[2, 16],5579.33068096835
[2, 17],5610.586219592085
[2, 18],5648.243669864107
[2, 19],5697.7923634718645
[2, 20],5745.374284335201
[2, 21],5804.894119737888
[3, 0],5284.358068990981
[3, 1],5301.632525850284
[3, 2],5322.90459627475
[3, 3],5344.3911682067155
[3, 4],5353.366100719177
[3, 5],5359.7390335549335
[3, 6],5374.741579567362
[3, 7],5393.855639241405
[3, 8],5414.185200449585
[3, 9],5421.586112788322
[3, 10],5426.097388937314
[3, 11],5443.001911630865
[3, 12],5462.646587140183
[3, 13],5479.276316331719
[3, 14],5499.42535360141
[3, 15],5516.978442552612
[3, 16],5538.25183337147
[3, 17],5570.292198626036
[3, 18],5598.867384055628
[3, 19],5637.530023107818
[3, 20],5684.006875838619
[3, 21],5731.578827390593
[4, 0],5291.105602889267
[4, 1],5303.678284524576
[4, 2],5318.713489513646
[4, 3],5341.5559694642725
[4, 4],5347.446696930225
[4, 5],5361.288630277353
[4, 6],5379.004025638898
[4, 7],5388.670028000997
[4, 8],5403.172310151936
[4, 9],5414.95088611091
[4, 10],5423.566343438735
[4, 11],5439.476338211534
[4, 12],5447.854454246914
[4, 13],5463.272747465525
[4, 14],5480.423591897914
[4, 15],5501.117325669857
[4, 16],5516.98419058503
[4, 17],5540.184110278925
[4, 18],5565.170036163028
[4, 19],5593.0223834972185
[4, 20],5632.108438568906
[4, 21],5681.9192821320685
[5, 0],5283.223462874725
[5, 1],5292.0069739093415
[5, 2],5311.48451365966
[5, 3],5339.600302764746
[5, 4],5343.599966066247
[5, 5],5358.179295816908
[5, 6],5374.617697499652
[5, 7],5387.909918164447
[5, 8],5400.3953848653655
[5, 9],5410.983861360262
[5, 10],5428.576631531509
[5, 11],5432.441109936597
[5, 12],5441.711276883853
[5, 13],5456.8614382517535
[5, 14],5474.237960146989
[5, 15],5489.204777534741
[5, 16],5503.739197276792
[5, 17],5525.079698051654
[5, 18],5543.458318290874
[5, 19],5569.965195578616
[5, 20],5598.952762908353
[5, 21],5642.318908164321
[6, 0],5278.172397944634
[6, 1],5288.71210953322
[6, 2],5306.820653832874
[6, 3],5329.841729887676
[6, 4],5335.621264735735
[6, 5],5356.109997009195
[6, 6],5374.089393068707
[6, 7],5390.538700092349
[6, 8],5401.621674218568
[6, 9],5416.644438814901
[6, 10],5428.711376102326
[6, 11],5433.221158437914
[6, 12],5441.608979096099
[6, 13],5457.694868559734
[6, 14],5473.9574017883315
[6, 15],5486.402140308543
[6, 16],5502.924230956411
[6, 17],5517.430858155471
[6, 18],5532.656634020729
[6, 19],5554.562347186886
[6, 20],5582.183674393051
[6, 21],5615.077809270057
[7, 0],5268.478633726734
[7, 1],5283.721642207263
[7, 2],5314.886668078287
[7, 3],5334.032103298501
[7, 4],5336.368378997126
[7, 5],5357.5295639338365
[7, 6],5376.90447379497
[7, 7],5389.654178921075
[7, 8],5407.201284587503
[7, 9],5414.582599730914
[7, 10],5431.3620692398745
[7, 11],5439.44021808723
[7, 12],5453.464113311666
[7, 13],5465.339266204877
[7, 14],5480.123274906215
[7, 15],5492.119602654329
[7, 16],5506.35744714471
[7, 17],5521.669014159792
[7, 18],5533.85112524606
[7, 19],5551.578828677451
[7, 20],5575.1405548418825
[7, 21],5600.813950824282
[8, 0],5271.489201734594
[8, 1],5294.5435061206335
[8, 2],5315.997339848243
[8, 3],5334.969171318493
[8, 4],5347.6039642939795
[8, 5],5362.086012642545
[8, 6],5381.717515318856
[8, 7],5395.752142434554
[8, 8],5409.812937728037
[8, 9],5424.4258568756195
[8, 10],5437.281170826054
[8, 11],5449.08905483867
[8, 12],5467.5299440131075
[8, 13],5481.691687773181
[8, 14],5492.230993252467
[8, 15],5507.544909886647
[8, 16],5517.74396462811
[8, 17],5531.1456513165185
[8, 18],5542.1739582168975
[8, 19],5560.8020910480955
[8, 20],5576.4155040297865
[8, 21],5602.428816462652
[9, 0],5263.474680384381
[9, 1],5289.975104136223
[9, 2],5314.066126445305
[9, 3],5336.994533842304
[9, 4],5359.538633543194
[9, 5],5365.291051205631
[9, 6],5387.655767368116
[9, 7],5404.223161898879
[9, 8],5419.739512673681
[9, 9],5435.424425127701
[9, 10],5455.583615759788
[9, 11],5464.64131786622
[9, 12],5478.075498230945
[9, 13],5498.440656268338
[9, 14],5512.47519104725
[9, 15],5526.553669324902
[9, 16],5540.719847419392
[9, 17],5550.98617730842
[9, 18],5552.688724779997
[9, 19],5567.956051323996
[9, 20],5588.81528940884
[9, 21],5609.5646823835905
[10, 0],5265.594563688122
[10, 1],5293.465624442406
[10, 2],5324.019957554419
[10, 3],5343.493814410727
[10, 4],5366.705525011668
[10, 5],5373.243831906988
[10, 6],5394.194247690944
[10, 7],5416.171360540096
[10, 8],5435.228715851446
[10, 9],5454.448581009315
[10, 10],5474.1811931606
[10, 11],5482.833630746621
[10, 12],5498.946119290255
[10, 13],5516.0102754785
[10, 14],5529.913347899044
[10, 15],5542.8525510989475
[10, 16],5557.72137785417
[10, 17],5569.891813322014
[10, 18],5580.398028639386
[10, 19],5596.81809539781
[10, 20],5616.3389847776525
[10, 21],5617.779016857807
[11, 0],5276.130417073373
[11, 1],5303.890484916485
[11, 2],5332.880309044938
[11, 3],5351.0426726895
[11, 4],5377.247381514066
[11, 5],5396.190550380372
[11, 6],5407.761649853526
[11, 7],5429.191154043936
[11, 8],5450.35519324444
[11, 9],5468.3606666963115
[11, 10],5485.0094686459315
[11, 11],5501.367166093698
[11, 12],5517.8484548789
[11, 13],5532.889355798882
[11, 14],5547.4479103720205
[11, 15],5560.149037390218
[11, 16],5573.964399445082
[11, 17],5585.771529015768
[11, 18],5595.098710986069
[11, 19],5613.758339505774
[11, 20],5631.806626921894
[11, 21],5651.314779118849
[12, 0],5279.619832500848
[12, 1],5307.7617635351435
[12, 2],5338.014217723017
[12, 3],5364.650731387634
[12, 4],5395.134778496893
[12, 5],5406.42298768736
[12, 6],5425.220690857037
[12, 7],5443.316580832836
[12, 8],5461.3372513058475
[12, 9],5485.0040818105035
[12, 10],5502.926319390436
[12, 11],5516.739820512656
[12, 12],5533.13214536702
[12, 13],5548.196911397609
[12, 14],5576.959443363318
[12, 15],5584.900748006103
[12, 16],5601.091265012228
[12, 17],5612.978615952614
[12, 18],5627.780658282633
[12, 19],5639.4110098590445
[12, 20],5654.749098749884
[12, 21],5675.366638369927
[13, 0],5285.019895445332
[13, 1],5322.186450831987
[13, 2],5345.549191339111
[13, 3],5377.6686957875445
[13, 4],5404.013624996085
[13, 5],5426.740491472441
[13, 6],5442.188161199603
[13, 7],5456.266196521463
[13, 8],5480.120015540026
[13, 9],5498.867867346142
[13, 10],5518.722342568943
[13, 11],5538.984804445884
[13, 12],5569.210769399763
[13, 13],5579.149041526794
[13, 14],5594.975817044475
[13, 15],5607.212868610142
[13, 16],5615.223867525581
[13, 17],5633.627195569357
[13, 18],5644.308559763002
[13, 19],5659.571568857774
[13, 20],5675.704655658999
[13, 21],5690.207015337932
[14, 0],5292.728871722829
[14, 1],5332.493761259282
[14, 2],5359.448587633531
[14, 3],5391.765858397686
[14, 4],5422.184929056413
[14, 5],5443.671801918796
[14, 6],5463.521716343346
[14, 7],5480.358196190804
[14, 8],5494.613569015318
[14, 9],5523.235214187691
[14, 10],5553.73309837964
[14, 11],5567.202211638653
[14, 12],5585.015360030114
[14, 13],5597.926035586888
[14, 14],5611.831210518194
[14, 15],5626.073494263669
[14, 16],5639.09601851974
[14, 17],5647.697535096108
[14, 18],5664.812590433909
[14, 19],5676.246653355352
[14, 20],5691.921595829039
[14, 21],5710.0647982687005
[15, 0],5311.714869741711
[15, 1],5350.379141557527
[15, 2],5374.454006530965
[15, 3],5412.989516027854
[15, 4],5437.843704762403
[15, 5],5461.161502651676
[15, 6],5479.141905928716
[15, 7],5500.915347181763
[15, 8],5535.644930506864
[15, 9],5551.411772812541
[15, 10],5571.779140967331
[15, 11],5585.178358822266
[15, 12],5598.9995157227095
[15, 13],5617.513778164746
[15, 14],5634.4061409801525
[15, 15],5645.637867530814
[15, 16],5659.368673994057
[15, 17],5671.824417433439
[15, 18],5682.887719488363
[15, 19],5698.951068858475
[15, 20],5710.201272378799
[15, 21],5732.3431912249835
[16, 0],5326.877837698543
[16, 1],5362.592983388093
[16, 2],5406.349843519012
[16, 3],5437.16389433792
[16, 4],5475.638628966048
[16, 5],5495.383736537426
[16, 6],5513.3254548336845
[16, 7],5537.147656458328
[16, 8],5564.85109506093
[16, 9],5585.990092749973
[16, 10],5602.576379665857
[16, 11],5606.630551821736
[16, 12],5619.330674130986
[16, 13],5638.818726979614
[16, 14],5656.571374567501
[16, 15],5668.589864671299
[16, 16],5679.783005868061
[16, 17],5692.525943267919
[16, 18],5708.219044250592
[16, 19],5720.954486423933
[16, 20],5733.5539013941525
[16, 21],5755.307071559564
[17, 0],5336.277200833338
[17, 1],5389.253249687994
[17, 2],5429.250848267551
[17, 3],5459.325954642576
[17, 4],5496.663274207991
[17, 5],5526.36314285616
[17, 6],5547.319577818925
[17, 7],5566.065408609404
[17, 8],5587.553528912051
[17, 9],5608.184179733215
[17, 10],5630.012735809206
[17, 11],5646.137649459925
[17, 12],5657.048662983318
[17, 13],5676.114668799844
[17, 14],5685.897387073593
[17, 15],5698.053691981311
[17, 16],5713.385388633671
[17, 17],5721.8875471138235
[17, 18],5736.693431947451
[17, 19],5747.581496234277
[17, 20],5760.514960383096
[17, 21],5772.750356930323
[18, 0],5364.480558112489
[18, 1],5409.210089977923
[18, 2],5443.6775607594645
[18, 3],5478.455373574023
[18, 4],5510.948173719484
[18, 5],5547.659366356844
[18, 6],5569.23632763591
[18, 7],5592.858225632952
[18, 8],5612.324014001989
[18, 9],5630.671274705643
[18, 10],5653.981674234956
[18, 11],5674.277510294757
[18, 12],5686.007799639983
[18, 13],5699.37071050083
[18, 14],5714.7926660185
[18, 15],5724.613298494052
[18, 16],5733.814499441582
[18, 17],5741.364039516789
[18, 18],5757.227927236729
[18, 19],5769.111543462226
[18, 20],5780.263781101738
[18, 21],5794.821139633783
[19, 0],5375.692223306034
[19, 1],5421.176068789044
[19, 2],5456.858908176699
[19, 3],5496.064738742483
[19, 4],5532.364136268063
[19, 5],5565.102465773152
[19, 6],5584.901090104726
[19, 7],5610.080877296168
[19, 8],5634.079341392888
[19, 9],5653.504564554982
[19, 10],5673.930423907035
[19, 11],5695.392516204268
[19, 12],5710.80209298399
[19, 13],5722.278071769111
[19, 14],5739.854642257769
[19, 15],5753.532864047744
[19, 16],5765.819785609564
[19, 17],5774.551743798997
[19, 18],5785.614105489747
[19, 19],5799.559797694055
[19, 20],5810.6354530492135
[19, 21],5811.373212714601
[20, 0],5384.324967979204
[20, 1],5426.591523854149
[20, 2],5465.288383493074
[20, 3],5505.631188667308
[20, 4],5545.916885330327
[20, 5],5582.362266230323
[20, 6],5604.913963515512
[20, 7],5628.800439233426
[20, 8],5651.174230079507
[20, 9],5676.402221840021
[20, 10],5694.8388298238415
[20, 11],5715.7597965758305
[20, 12],5739.367206320408
[20, 13],5746.180665113491
[20, 14],5763.3567904954925
[20, 15],5777.852822100978
[20, 16],5791.934400952356
[20, 17],5804.925058525546
[20, 18],5814.289205444661
[20, 19],5828.648414237536
[20, 20],5830.504116082075
[20, 21],5838.175216834312
[21, 0],5394.661478357055
[21, 1],5434.545701972389
[21, 2],5477.014166370976
[21, 3],5518.604254918515
[21, 4],5556.530941705618
[21, 5],5593.045951395164
[21, 6],5620.743041636289
[21, 7],5645.704086644455
[21, 8],5673.810730702106
[21, 9],5698.818070883515
[21, 10],5726.162707099598
[21, 11],5745.275794216534
[21, 12],5757.557084993044
[21, 13],5769.623859797631
[21, 14],5779.012098392584
[21, 15],5796.472571812807
[21, 16],5809.180622703783
[21, 17],5827.508527162539
[21, 18],5840.879935254344
[21, 19],5843.292562801198
[21, 20],5855.221423582816
[21, 21],5861.256011973966
[22, 0],5399.784641312108
[22, 1],5441.251088666066
[22, 2],5488.473459576164
[22, 3],5530.633768485799
[22, 4],5569.883302798397
[22, 5],5605.478421311797
[22, 6],5636.2540272138385
[22, 7],5661.764301666381
[22, 8],5686.8977942288275
[22, 9],5715.5924839836425
[22, 10],5740.895657065815
[22, 11],5761.0882570795675
[22, 12],5780.451702546792
[22, 13],5790.785656784454
[22, 14],5799.319612650825
[22, 15],5814.503071361378
[22, 16],5825.838827467296
[22, 17],5845.591402621732
[22, 18],5852.424280439164
[22, 19],5860.942952155796
[22, 20],5866.5979507099255
[22, 21],5873.752808112109
[23, 0],5411.767980719411
[23, 1],5453.42549659796
[23, 2],5494.887329445506
[23, 3],5535.238888006319
[23, 4],5574.008502137771
[23, 5],5612.174417520419
[23, 6],5649.559259329742
[23, 7],5675.803617026496
[23, 8],5700.226028209751
[23, 9],5729.397206030247
[23, 10],5753.600000571762
[23, 11],5775.827051675383
[23, 12],5796.358051241554
[23, 13],5807.69299916762
[23, 14],5822.5877998127335
[23, 15],5842.928342015574
[23, 16],5850.693845898134
[23, 17],5864.306364804277
[23, 18],5865.808642072166
[23, 19],5874.956411490175
[23, 20],5887.004375135752
[23, 21],5889.156729954833
[24, 0],5416.669468595717
[24, 1],5458.354921889215
[24, 2],5501.158475639275
[24, 3],5538.621828897023
[24, 4],5577.359543442305
[24, 5],5622.240778889376
[24, 6],5658.498652928656
[24, 7],5690.081600826308
[24, 8],5713.026288253804
[24, 9],5737.505294738343
[24, 10],5763.537223255886
[24, 11],5787.8831077046025
[24, 12],5811.394554392377
[24, 13],5823.846329668166
[24, 14],5838.482730524206
[24, 15],5857.390712626478
[24, 16],5871.544848624546
[24, 17],5872.363741697695
[24, 18],5882.684713468094
[24, 19],5894.46184613532
[24, 20],5908.697989040891
[24, 21],5911.901127129549
[25, 0],5420.344752479326
[25, 1],5462.171984265944
[25, 2],5506.548078248317
[25, 3],5552.391062261612
[25, 4],5589.479240887564
[25, 5],5625.499643440275
[25, 6],5659.276387868511
[25, 7],5693.554571411236
[25, 8],5723.504712525384
[25, 9],5747.485996779123
[25, 10],5776.899123078373
[25, 11],5800.199282759715
[25, 12],5814.889944283066
[25, 13],5832.89415728457
[25, 14],5849.5404662893325
[25, 15],5866.568771823118
[25, 16],5876.422627489945
[25, 17],5889.982083633204
[25, 18],5902.681557796626
[25, 19],5909.485113115772
[25, 20],5917.302889025506
[25, 21],5922.304126608926
[26, 0],5425.279833715667
[26, 1],5479.969661116769
[26, 2],5518.338862592225
[26, 3],5555.854935267675
[26, 4],5592.2128832405
[26, 5],5627.034212757627
[26, 6],5669.160356615859
[26, 7],5708.538136886099
[26, 8],5737.967114981518
[26, 9],5760.096482772269
[26, 10],5782.296979895955
[26, 11],5798.300987811029
[26, 12],5820.667994718487
[26, 13],5839.0413221959025
[26, 14],5858.695917878552
[26, 15],5876.409375191935
[26, 16],5885.422519418936
[26, 17],5898.479881268975
[26, 18],5909.804593910789
[26, 19],5917.741050872746
[26, 20],5928.387175354706
[26, 21],5927.661850054492
[27, 0],5443.103431929005
[27, 1],5482.78457235204
[27, 2],5521.070152227194
[27, 3],5557.053380418447
[27, 4],5591.67924190964
[27, 5],5639.888804810666
[27, 6],5681.171050619026
[27, 7],5713.983447755853
[27, 8],5744.285632576581
[27, 9],5771.397019819231
[27, 10],5789.535569489565
[27, 11],5804.15122128426
[27, 12],5823.776045061364
[27, 13],5846.202781463136
[27, 14],5862.697233287216
[27, 15],5879.369329210554
[27, 16],5892.794703174444
[27, 17],5904.964725546578
[27, 18],5916.050719830197
[27, 19],5926.254662666008
[27, 20],5933.436782029519
[27, 21],5941.133580327927
