grid_point, analysis_value
[0, 0],5307.806588666796
[0, 1],5345.039768545732
[0, 2],5364.247433326549
[0, 3],5388.491284185275
[0, 4],5405.542879158962
[0, 5],5421.698865959193
[0, 6],5441.471574477237
[0, 7],5477.872067749226
[0, 8],5494.759518286452
[0, 9],5526.493711624184
[0, 10],5544.42572026977
[0, 11],5564.6152599712805
[0, 12],5592.652552643151
[0, 13],5605.537823499017
[0, 14],5640.152246020985
[0, 15],5679.693472805363
[0, 16],5721.497122674238
[0, 17],5767.771027455274
[0, 18],5822.334119502702
[0, 19],5820.562812121469
[0, 20],5854.201183836209
[0, 21],5994.24453816493
[1, 0],5309.583075009047
[1, 1],5327.2239384950035
[1, 2],5358.326560864
[1, 3],5382.219529586757
[1, 4],5393.949740812534
[1, 5],5400.515698578434
[1, 6],5419.4189016088
[1, 7],5439.563119377384
[1, 8],5452.314663783002
[1, 9],5471.335452733231
[1, 10],5491.975900026635
[1, 11],5507.96226802307
[1, 12],5525.220931134202
[1, 13],5549.425248919849
[1, 14],5572.170515770529
[1, 15],5598.440768414331
[1, 16],5631.474645214648
[1, 17],5671.1892608715025
[1, 18],5733.2407297909485
[1, 19],5784.53975658548
[1, 20],5817.564411115745
[1, 21],5922.875843612594
[2, 0],5277.885144592373
[2, 1],5307.022837719142
[2, 2],5327.850785744404
[2, 3],5358.701477463773
[2, 4],5364.8773613765425
[2, 5],5372.14399064994
[2, 6],5388.729140940535
[2, 7],5412.195628180231
[2, 8],5421.539737778161
[2, 9],5432.225381419983
[2, 10],5449.289915088655
[2, 11],5464.993954885298
[2, 12],5475.562310907601
[2, 13],5497.315017731749
[2, 14],5510.837350447051
[2, 15],5538.619438255538
[2, 16],5573.550220410575
[2, 17],5605.999022808141
[2, 18],5651.538361809113
[2, 19],5705.726310598126
[2, 20],5782.2379603304435
[2, 21],5860.838224579813
[3, 0],5267.959270462635
[3, 1],5280.830117074323
[3, 2],5300.704739758629
[3, 3],5312.708554903047
[3, 4],5335.870414936779
[3, 5],5356.332941741342
[3, 6],5374.334112891214
[3, 7],5389.3555534154875
[3, 8],5401.102640443782
[3, 9],5416.436359229525
[3, 10],5424.274741987583
[3, 11],5433.703971789084
[3, 12],5444.178201026148
[3, 13],5463.965689348496
[3, 14],5476.850474153578
[3, 15],5499.323206688429
[3, 16],5532.0298818814845
[3, 17],5568.117670736922
[3, 18],5608.360979065204
[3, 19],5656.633715798431
[3, 20],5730.2841098892095
[3, 21],5781.773126438173
[4, 0],5243.781619506785
[4, 1],5262.894569662041
[4, 2],5290.317655655432
[4, 3],5307.4510584608815
[4, 4],5329.829366148482
[4, 5],5351.26841175307
[4, 6],5352.405573378084
[4, 7],5373.998582318172
[4, 8],5391.054778101381
[4, 9],5402.338721737162
[4, 10],5415.932808760334
[4, 11],5415.516429562546
[4, 12],5423.992145165195
[4, 13],5433.093379097514
[4, 14],5445.570621318832
[4, 15],5469.730116275441
[4, 16],5498.298423899559
[4, 17],5530.942266357293
[4, 18],5567.08156059701
[4, 19],5615.851730435446
[4, 20],5687.430590440839
[4, 21],5770.576399137935
[5, 0],5248.401379345751
[5, 1],5249.078110293985
[5, 2],5279.853787075643
[5, 3],5299.411473940963
[5, 4],5310.780102375404
[5, 5],5337.34495525113
[5, 6],5357.359137152711
[5, 7],5366.316493153372
[5, 8],5386.75124301024
[5, 9],5392.9874827444255
[5, 10],5398.908907357005
[5, 11],5412.416556526086
[5, 12],5408.590194314869
[5, 13],5414.535799787571
[5, 14],5433.318134464406
[5, 15],5449.637040618433
[5, 16],5473.192063520259
[5, 17],5506.107531014077
[5, 18],5535.601383368328
[5, 19],5585.981505526508
[5, 20],5650.2538799877875
[5, 21],5681.92816046947
[6, 0],5232.209020551305
[6, 1],5235.751280556704
[6, 2],5267.630297544332
[6, 3],5282.160918752492
[6, 4],5297.187549183931
[6, 5],5326.469124344161
[6, 6],5362.023600707347
[6, 7],5377.756200369224
[6, 8],5393.261543912406
[6, 9],5397.664825208258
[6, 10],5394.191558832743
[6, 11],5407.442655766263
[6, 12],5402.230551227733
[6, 13],5412.743239085901
[6, 14],5420.989786358042
[6, 15],5436.220303354772
[6, 16],5454.060690288492
[6, 17],5477.185228368686
[6, 18],5506.3512909790425
[6, 19],5559.561662819695
[6, 20],5587.701896191862
[6, 21],5626.545120397117
[7, 0],5230.522564622994
[7, 1],5245.3476819438865
[7, 2],5263.543350869624
[7, 3],5273.931431944451
[7, 4],5300.452047828083
[7, 5],5335.434743018968
[7, 6],5354.727914873012
[7, 7],5391.753276018719
[7, 8],5400.28483757516
[7, 9],5410.9827034423015
[7, 10],5411.208896355922
[7, 11],5421.5068641513335
[7, 12],5410.91676150548
[7, 13],5409.916454299825
[7, 14],5415.098612630838
[7, 15],5426.636030504658
[7, 16],5439.276928383385
[7, 17],5454.631168699092
[7, 18],5485.50865548265
[7, 19],5532.812022484404
[7, 20],5563.686060905944
[7, 21],5605.1570011214535
[8, 0],5232.817422229495
[8, 1],5245.030765020183
[8, 2],5257.522265422896
[8, 3],5286.106694722581
[8, 4],5312.472819820989
[8, 5],5349.148423551353
[8, 6],5364.622072791879
[8, 7],5398.5717316868995
[8, 8],5416.499883613746
[8, 9],5421.012691118214
[8, 10],5418.120460758866
[8, 11],5429.268716148257
[8, 12],5420.3803320343
[8, 13],5418.716729795811
[8, 14],5415.370106888515
[8, 15],5426.2368825115755
[8, 16],5436.147233377974
[8, 17],5450.872397586989
[8, 18],5476.0502604669055
[8, 19],5509.754500656205
[8, 20],5548.2490745086525
[8, 21],5589.006046290631
[9, 0],5234.650322509307
[9, 1],5248.7328976243625
[9, 2],5272.098527038881
[9, 3],5301.8259086293365
[9, 4],5322.497963385398
[9, 5],5356.859451478846
[9, 6],5393.785486296787
[9, 7],5415.408475435606
[9, 8],5438.159644882713
[9, 9],5448.104613010482
[9, 10],5444.156923464552
[9, 11],5443.844654544935
[9, 12],5435.66890014339
[9, 13],5437.107517207858
[9, 14],5430.187080827491
[9, 15],5428.265848455077
[9, 16],5441.802735158735
[9, 17],5451.527140443233
[9, 18],5477.771556701707
[9, 19],5502.067559039577
[9, 20],5538.958319386833
[9, 21],5571.77310057176
[10, 0],5234.771859536242
[10, 1],5243.663659702048
[10, 2],5271.55219179718
[10, 3],5314.258864919479
[10, 4],5353.510439679654
[10, 5],5385.800603942234
[10, 6],5419.802717652803
[10, 7],5438.649310532795
[10, 8],5456.012537958795
[10, 9],5470.536963890903
[10, 10],5476.469547521164
[10, 11],5469.014198784157
[10, 12],5466.783216705744
[10, 13],5459.82691892421
[10, 14],5460.177383558695
[10, 15],5447.642087118384
[10, 16],5455.168987348645
[10, 17],5466.518690323442
[10, 18],5483.052652867277
[10, 19],5510.3870413971745
[10, 20],5540.245130990268
[10, 21],5578.093851800542
[11, 0],5244.952617043597
[11, 1],5241.235709482111
[11, 2],5282.813252228374
[11, 3],5321.995979195595
[11, 4],5376.03953604967
[11, 5],5410.362401017304
[11, 6],5435.874619060165
[11, 7],5465.408537055295
[11, 8],5478.126845541614
[11, 9],5491.913216610695
[11, 10],5499.364107393439
[11, 11],5492.648601994063
[11, 12],5491.36140618912
[11, 13],5482.010732547756
[11, 14],5481.792081323939
[11, 15],5481.005685737769
[11, 16],5488.569926407175
[11, 17],5481.27191726892
[11, 18],5505.54525388989
[11, 19],5530.426603581291
[11, 20],5553.660632071773
[11, 21],5593.249688322367
[12, 0],5227.1061166866
[12, 1],5254.217839224695
[12, 2],5296.213356577282
[12, 3],5343.782307749063
[12, 4],5386.688636198838
[12, 5],5424.918523825725
[12, 6],5458.855473112082
[12, 7],5487.5263026224275
[12, 8],5500.5693017959875
[12, 9],5517.943495574378
[12, 10],5522.600412444008
[12, 11],5528.345252812727
[12, 12],5516.582889289383
[12, 13],5511.758251561149
[12, 14],5512.393514730712
[12, 15],5510.258826783212
[12, 16],5517.468509259566
[12, 17],5525.317817059748
[12, 18],5539.584282883783
[12, 19],5551.417199289695
[12, 20],5578.570488518424
[12, 21],5607.940940892664
[13, 0],5234.124455047358
[13, 1],5264.275206161192
[13, 2],5318.0109613555305
[13, 3],5353.9354095489125
[13, 4],5402.381599560906
[13, 5],5438.368823917981
[13, 6],5473.558422459806
[13, 7],5504.063089303492
[13, 8],5531.873250981333
[13, 9],5543.292610256778
[13, 10],5554.6674106686705
[13, 11],5555.440314354872
[13, 12],5559.90043633192
[13, 13],5549.107937303842
[13, 14],5542.208831214806
[13, 15],5550.935262723453
[13, 16],5554.507096884521
[13, 17],5564.797443961822
[13, 18],5567.258677535872
[13, 19],5597.620868676775
[13, 20],5621.392564392954
[13, 21],5644.434399786671
[14, 0],5215.381156270352
[14, 1],5275.860634471033
[14, 2],5316.720878895223
[14, 3],5363.095001457019
[14, 4],5415.031684728083
[14, 5],5453.959287511139
[14, 6],5497.347432001074
[14, 7],5530.0413594138845
[14, 8],5552.875446416652
[14, 9],5573.35971439877
[14, 10],5577.323973541118
[14, 11],5588.223940545536
[14, 12],5588.110774339655
[14, 13],5588.485082353223
[14, 14],5592.019998559918
[14, 15],5592.230615299123
[14, 16],5592.1416622319975
[14, 17],5600.699351353842
[14, 18],5617.9381853479545
[14, 19],5629.428329782351
[14, 20],5654.685485861093
[14, 21],5690.081196181067
[15, 0],5251.7313340772525
[15, 1],5291.926306745416
[15, 2],5335.029277908405
[15, 3],5381.715563076043
[15, 4],5424.714488341866
[15, 5],5485.034550185239
[15, 6],5518.429423174692
[15, 7],5548.512913994004
[15, 8],5573.24960010299
[15, 9],5590.690052202033
[15, 10],5611.217917621434
[15, 11],5621.324917738828
[15, 12],5627.112374464036
[15, 13],5626.490308794846
[15, 14],5629.661503205909
[15, 15],5637.51880150145
[15, 16],5648.777953442124
[15, 17],5656.946290548845
[15, 18],5662.691512049236
[15, 19],5675.358835279786
[15, 20],5693.2423023701085
[15, 21],5717.064695728055
[16, 0],5261.905700955158
[16, 1],5307.188767890824
[16, 2],5349.2228330333965
[16, 3],5402.271558960845
[16, 4],5454.339065296823
[16, 5],5494.715069296524
[16, 6],5540.358531671191
[16, 7],5565.902721683862
[16, 8],5597.961795723881
[16, 9],5622.992928620641
[16, 10],5638.038691568274
[16, 11],5655.175933851951
[16, 12],5665.022924922411
[16, 13],5662.441901152546
[16, 14],5670.636241784087
[16, 15],5677.238794753812
[16, 16],5688.84357589803
[16, 17],5700.732198880773
[16, 18],5717.149345532899
[16, 19],5732.807420581015
[16, 20],5745.0075625826175
[16, 21],5764.0002934265285
[17, 0],5280.355512784547
[17, 1],5327.209594669539
[17, 2],5369.728090607756
[17, 3],5430.6094078066235
[17, 4],5479.411274670381
[17, 5],5519.873452380669
[17, 6],5557.153341191799
[17, 7],5588.55692199306
[17, 8],5615.945428900957
[17, 9],5641.599801937174
[17, 10],5661.458429362452
[17, 11],5681.573592447265
[17, 12],5699.77633865136
[17, 13],5706.916507999636
[17, 14],5709.203701633391
[17, 15],5717.142775586982
[17, 16],5731.512052049612
[17, 17],5740.952927695945
[17, 18],5756.290272110527
[17, 19],5772.482188636572
[17, 20],5791.097545702434
[17, 21],5798.2175666145395
[18, 0],5304.714352929814
[18, 1],5353.95394522955
[18, 2],5400.471484618989
[18, 3],5455.047507936997
[18, 4],5499.438449618443
[18, 5],5542.313081439999
[18, 6],5577.894515678581
[18, 7],5606.254658580599
[18, 8],5634.28203402531
[18, 9],5663.641119663589
[18, 10],5681.505284098503
[18, 11],5704.322826738207
[18, 12],5720.254787164527
[18, 13],5734.943624457304
[18, 14],5739.445010875087
[18, 15],5755.781114048003
[18, 16],5773.521237693091
[18, 17],5787.690485245543
[18, 18],5810.291043109753
[18, 19],5825.018169727609
[18, 20],5839.335890477412
[18, 21],5849.310187201943
[19, 0],5324.322781390083
[19, 1],5374.313768628001
[19, 2],5418.4861132346705
[19, 3],5478.352972817409
[19, 4],5520.991700314889
[19, 5],5559.777696196537
[19, 6],5597.324501233035
[19, 7],5626.098391052909
[19, 8],5653.433798112798
[19, 9],5677.45563614463
[19, 10],5705.590455153734
[19, 11],5723.818800517591
[19, 12],5740.519471650112
[19, 13],5762.745621818001
[19, 14],5772.663657159907
[19, 15],5785.294802550987
[19, 16],5805.442386398474
[19, 17],5823.135233289982
[19, 18],5843.770009507089
[19, 19],5858.84450320245
[19, 20],5875.15166120444
[19, 21],5884.372225393869
[20, 0],5345.368700952022
[20, 1],5392.326860597601
[20, 2],5455.099439961219
[20, 3],5498.05093332459
[20, 4],5537.837627628152
[20, 5],5579.84118905445
[20, 6],5612.405212096935
[20, 7],5643.749617675751
[20, 8],5672.607198940091
[20, 9],5694.190631302464
[20, 10],5714.941956639302
[20, 11],5738.773745851642
[20, 12],5764.831279731699
[20, 13],5783.385247759477
[20, 14],5794.595350080515
[20, 15],5816.110980942537
[20, 16],5830.054299708813
[20, 17],5846.804265945109
[20, 18],5867.441815278691
[20, 19],5880.765083348497
[20, 20],5906.012502022797
[20, 21],5919.744674919446
[21, 0],5367.832651246708
[21, 1],5431.684170490966
[21, 2],5475.645741135773
[21, 3],5517.3532553495315
[21, 4],5556.882065107275
[21, 5],5592.420166027761
[21, 6],5627.819044850316
[21, 7],5656.902832636177
[21, 8],5686.407164725535
[21, 9],5711.924162084826
[21, 10],5735.004467419271
[21, 11],5754.062148242991
[21, 12],5779.00464930984
[21, 13],5795.4996881432635
[21, 14],5817.087072583635
[21, 15],5826.061553233535
[21, 16],5844.197386041998
[21, 17],5859.005339053141
[21, 18],5877.367103811035
[21, 19],5898.047012167011
[21, 20],5919.156258290703
[21, 21],5919.424413058783
[22, 0],5402.088453589566
[22, 1],5451.003403296458
[22, 2],5495.4375835638
[22, 3],5537.860109283749
[22, 4],5575.052013223671
[22, 5],5610.978440449519
[22, 6],5643.4705433470235
[22, 7],5676.025551304975
[22, 8],5699.086117961698
[22, 9],5723.920279975151
[22, 10],5744.984048628668
[22, 11],5765.527241490181
[22, 12],5784.669405123717
[22, 13],5808.905005091834
[22, 14],5830.263764922693
[22, 15],5843.343761157886
[22, 16],5856.20184636506
[22, 17],5877.9204927088485
[22, 18],5897.445881069354
[22, 19],5904.284611322662
[22, 20],5925.793257842131
[22, 21],5942.175355413099
[23, 0],5418.127491179361
[23, 1],5468.015245615263
[23, 2],5509.123477076208
[23, 3],5549.749905573592
[23, 4],5590.207277013122
[23, 5],5625.251210404047
[23, 6],5656.773213822463
[23, 7],5685.051704349604
[23, 8],5710.900601391987
[23, 9],5735.459394442033
[23, 10],5756.513547148973
[23, 11],5774.266792641718
[23, 12],5793.894357621268
[23, 13],5810.152684215696
[23, 14],5826.688463600489
[23, 15],5847.339680088773
[23, 16],5862.203604104621
[23, 17],5877.81551661023
[23, 18],5895.257794364368
[23, 19],5915.638259090494
[23, 20],5934.9262042326445
[23, 21],5909.42802330936
[24, 0],5431.525934354833
[24, 1],5480.171408059101
[24, 2],5522.689511471035
[24, 3],5563.995892301623
[24, 4],5600.388849159577
[24, 5],5634.156676795206
[24, 6],5665.135658762945
[24, 7],5692.855818013528
[24, 8],5716.840150394082
[24, 9],5740.573518048188
[24, 10],5760.311822550513
[24, 11],5780.652406023539
[24, 12],5798.167257109402
[24, 13],5814.388620129772
[24, 14],5832.747420836873
[24, 15],5847.261429838561
[24, 16],5861.595547526103
[24, 17],5873.377848258913
[24, 18],5884.387924096129
[24, 19],5895.51869286743
[24, 20],5906.616214554349
[24, 21],5913.1582984242705
[25, 0],5444.590862101106
[25, 1],5493.250971449211
[25, 2],5535.815198917114
[25, 3],5571.171309226511
[25, 4],5606.027512530354
[25, 5],5639.102832147376
[25, 6],5671.162379829743
[25, 7],5698.565154970415
[25, 8],5719.382678315247
[25, 9],5743.461570107589
[25, 10],5763.064434981146
[25, 11],5781.366320441519
[25, 12],5799.585186540731
[25, 13],5817.787680930334
[25, 14],5835.259848072086
[25, 15],5849.64367769389
[25, 16],5863.010102190947
[25, 17],5875.463739342556
[25, 18],5885.194903719228
[25, 19],5888.19217558243
[25, 20],5870.675486784661
[25, 21],5846.395842917729
[26, 0],5462.863384956023
[26, 1],5503.794606571049
[26, 2],5539.7341574133425
[26, 3],5577.497329227299
[26, 4],5613.593541756091
[26, 5],5644.762684869185
[26, 6],5672.323252215473
[26, 7],5693.528054774169
[26, 8],5716.984439018452
[26, 9],5740.67370737354
[26, 10],5763.666944333598
[26, 11],5781.307004552786
[26, 12],5795.488517989716
[26, 13],5821.077889071417
[26, 14],5835.621190160347
[26, 15],5849.3184938263985
[26, 16],5862.139251819981
[26, 17],5872.254625537325
[26, 18],5879.619745511434
[26, 19],5878.979331972383
[26, 20],5875.126769290102
[26, 21],5812.013026447501
[27, 0],5474.506602581134
[27, 1],5507.938811124855
[27, 2],5545.169674151051
[27, 3],5578.207026330934
[27, 4],5613.635592413854
[27, 5],5642.42079466133
[27, 6],5668.403564326577
[27, 7],5688.1214298303385
[27, 8],5710.923901396598
[27, 9],5733.560058660782
[27, 10],5755.989885399658
[27, 11],5776.593569541306
[27, 12],5793.149851598275
[27, 13],5815.134537882368
[27, 14],5840.343257931025
[27, 15],5852.159385264926
[27, 16],5864.229836944303
[27, 17],5873.359245869721
[27, 18],5880.231817598757
[27, 19],5881.017453988301
[27, 20],5877.640395048453
[27, 21],5830.645775220124
